q1_deg,q2_deg,q3_deg,q4_deg,q5_deg,q6_deg,x_mm,y_mm,z_mm,r11,r12,r13,r21,r22,r23,r31,r32,r33,phi_rad,theta_rad,psi_rad
-109.16216278076172,50.37959289550781,-73.83753204345703,-69.92971801757812,-37.721492767333984,104.5865707397461,-161.46670532226562,-608.218017578125,842.1615600585938,-0.42700645327568054,-0.8410624861717224,0.3320836126804352,0.35300901532173157,-0.4931573271751404,-0.7950977683067322,0.8324963450431824,-0.22228333353996277,0.5074840188026428,2.450778007507324,-0.9835983514785767,-0.4128388464450836
137.7489013671875,-58.321998596191406,-23.748104095458984,-108.91650390625,121.41017150878906,151.14605712890625,280.93218994140625,-165.75070190429688,897.1422729492188,-0.09300064295530319,-0.5942018628120422,0.7989211678504944,-0.710239589214325,0.6019338965415955,0.3650141656398773,-0.6977898478507996,-0.5334789156913757,-0.47800591588020325,-1.7009981870651245,0.7723073363304138,-2.3014063835144043
46.19607162475586,76.89204406738281,-60.90850067138672,175.9834442138672,-13.421058654785156,-58.02751541137695,527.9461669921875,548.5355834960938,381.98492431640625,0.4683768153190613,-0.6344818472862244,0.6148626208305359,-0.7862870097160339,0.01806040294468403,0.6175974607467651,-0.40295901894569397,-0.7727267742156982,-0.4904257357120514,-1.0335581302642822,0.4147476553916931,-2.1363184452056885
-75.51426696777344,-46.81173324584961,-58.02945327758789,-37.30748748779297,42.42695999145508,-175.37742614746094,-122.17912292480469,338.87255859375,1036.9505615234375,-0.1732906550168991,0.9336610436439514,-0.3134443163871765,-0.8556870818138123,-0.30030444264411926,-0.42144617438316345,-0.4876165986061096,0.1951775848865509,0.8509616255760193,-1.7706103324890137,0.509357750415802,0.22546160221099854
-17.781352996826172,-14.182511329650879,-147.24264526367188,51.227569580078125,-16.818578720092773,-72.00305938720703,-492.223876953125,138.43333435058594,821.347900390625,-0.08893173187971115,-0.127317413687706,-0.9878671765327454,0.41184332966804504,-0.9077438712120056,0.07991527020931244,-0.9069048762321472,-0.39973947405815125,0.1331620067358017,1.7834668159484863,1.1358788013458252,-1.2492361068725586
-98.79851531982422,105.53665161132812,15.314825057983398,57.623226165771484,-40.27384948730469,160.85511779785156,-72.62359619140625,-176.52401733398438,-85.78730773925781,0.5629627704620361,0.638206422328949,-0.5251339673995972,0.8056683540344238,-0.5654666423797607,0.17648226022720337,-0.1843135803937912,-0.5224366784095764,-0.8325193524360657,0.9609081745147705,0.1853734254837036,-2.5811710357666016
21.548307418823242,1.6992437839508057,43.12139129638672,-97.55542755126953,50.95866775512695,-67.0246810913086,331.51361083984375,63.02961730957031,500.8532409667969,-0.46461230516433716,0.4454716444015503,0.7653042078018188,-0.05157528072595596,0.8491680026054382,-0.5255984663963318,-0.8840110301971436,-0.2836703360080719,-0.3715585768222809,-3.031038284301758,1.0843740701675415,-2.489532470703125
-81.07196044921875,64.6976089477539,-138.4691619873047,-3.720425605773926,20.807397842407227,-111.99370574951172,63.86051940917969,-418.6821594238281,962.9149780273438,0.9468705654144287,0.3137720227241516,0.07059319317340851,-0.21162745356559753,0.7731419801712036,-0.5978841185569763,-0.24217785894870758,0.5511794090270996,0.7984681129455566,-0.21988816559314728,0.24460987746715546,0.6041834950447083
78.621826171875,28.89352035522461,-32.19411849975586,-69.04206848144531,-20.749752044677734,-1.8613159656524658,90.40673828125,586.765869140625,782.4595947265625,-0.9402408599853516,0.3096696436405182,-0.14160405099391937,-0.1892385631799698,-0.12948864698410034,0.973355770111084,0.2830825448036194,0.9419858455657959,0.18035194277763367,-2.9429800510406494,-0.2870066463947296,1.3816263675689697
-10.20988941192627,58.77521896362305,-44.16207504272461,-45.21385192871094,-129.53138732910156,105.85118103027344,608.5693969726562,-63.997825622558594,588.9061279296875,0.302308589220047,0.8766809105873108,-0.37421947717666626,-0.6176500916481018,0.4791813790798187,0.6236134171485901,0.7260289192199707,0.04261300712823868,0.6863426566123962,-1.1156246662139893,-0.812529444694519,0.06200747936964035
6.590635299682617,-23.262004852294922,-65.01214599609375,-219.53919982910156,105.22306060791016,176.30502319335938,-235.52969360351562,23.492338180541992,1053.06982421875,0.226019024848938,-0.5301351547241211,-0.817234456539154,-0.09177695959806442,-0.8468009233474731,0.5239323377609253,-0.9697899222373962,-0.04341539368033409,-0.24004733562469482,-0.38571831583976746,1.3243680000305176,-2.96266508102417
-150.030029296875,-15.81566333770752,-2.882564067840576,-100.31140899658203,17.432937622070312,-30.034454345703125,-268.76715087890625,-127.08488464355469,917.404052734375,-0.029454849660396576,0.40186843276023865,-0.9152235984802246,-0.8516139388084412,-0.4894793629646301,-0.18751934170722961,-0.523341178894043,0.7738938331604004,0.3566543161869049,-1.6053696870803833,0.5507672429084778,1.1389505863189697
93.23213195800781,125.2391357421875,39.866764068603516,65.3051528930664,-88.32868194580078,160.94235229492188,76.38362884521484,-31.802480697631836,32.637725830078125,0.1671365201473236,-0.3975008726119995,0.9022518992424011,-0.9843997359275818,-0.11831021308898926,0.13023053109645844,0.054978832602500916,-0.9099427461624146,-0.4110737144947052,-1.402614951133728,-0.055006563663482666,-1.995111107826233
-161.96498107910156,-30.038278579711914,-123.96435546875,92.7860336303711,-3.2856028079986572,-146.56011962890625,552.5007934570312,184.82839965820312,854.2847900390625,0.5364859700202942,0.1265670210123062,0.8343641757965088,-0.6722578406333923,0.6617648601531982,0.3318685293197632,-0.5101493000984192,-0.7389507293701172,0.4401131272315979,-0.8972541093826294,0.5353583097457886,-1.0336244106292725
-165.62831115722656,42.01420211791992,-67.29949951171875,54.74634552001953,16.646203994750977,140.56527709960938,-586.6531982421875,-170.11959838867188,868.3370971679688,-0.13856790959835052,0.5090013742446899,-0.849539041519165,-0.28081926703453064,-0.8428006768226624,-0.4591597616672516,-0.9497050046920776,0.17494215071201324,0.259722501039505,-2.0291833877563477,1.2522923946380615,0.5927689075469971
142.2549285888672,-55.75956726074219,54.37263488769531,155.37237548828125,36.14682388305664,57.4586181640625,-111.71368408203125,60.99266815185547,692.0750122070312,-0.6233987808227539,-0.07234282791614532,-0.7785502672195435,-0.25760379433631897,-0.9211184978485107,0.29185810685157776,-0.7382509112358093,0.382501482963562,0.5555883646011353,-2.7497379779815674,0.8304735422134399,0.6029403209686279
15.660478591918945,115.55687713623047,-137.01893615722656,53.63063430786133,81.70319366455078,-131.48587036132812,613.690673828125,239.89915466308594,375.17059326171875,-0.9206302165985107,0.37122803926467896,0.12095402926206589,0.28319019079208374,0.4216340184211731,0.8614105582237244,0.268781453371048,0.8272936344146729,-0.49329712986946106,2.8431737422943115,-0.2721276879310608,2.1084747314453125
39.27281188964844,-5.334133148193359,6.829812049865723,-233.4342498779297,27.771739959716797,128.54832458496094,284.4735412597656,272.25439453125,801.2691040039062,-0.8060376644134521,-0.3803821802139282,0.4534454047679901,0.5148318409919739,-0.07265805453062057,0.8542066812515259,-0.29197853803634644,0.9219708442687988,0.2543979585170746,2.573188543319702,0.2962948679924011,1.3015671968460083
43.63827133178711,-24.485641479492188,-22.9350643157959,-87.39746856689453,43.83412551879883,-133.7960205078125,113.99852752685547,30.313663482666016,1046.3065185546875,0.48317646980285645,0.21998856961727142,0.8474346995353699,-0.183095321059227,0.9719052910804749,-0.1479061096906662,-0.8561638593673706,-0.08369646221399307,0.5098806023597717,-0.36222121119499207,1.027799129486084,-0.1626981943845749
-74.80281066894531,-92.3111801147461,-177.34446716308594,29.575593948364258,-69.75846099853516,5.789731502532959,-100.36833190917969,224.63040161132812,4.967653274536133,-0.18172551691532135,-0.9552150964736938,-0.23353777825832367,-0.31379058957099915,0.2814062237739563,-0.9068328142166138,0.9319395422935486,-0.09151273220777512,-0.35087621212005615,-2.095728874206543,-1.1997253894805908,-2.8864641189575195
54.25364303588867,107.07875061035156,-104.13352966308594,-97.91336059570312,-48.44664764404297,-137.57412719726562,383.6469421386719,637.0297241210938,308.98785400390625,0.7732292413711548,-0.5955968499183655,-0.21767199039459229,0.08509984612464905,-0.242695152759552,0.9663628339767456,-0.6283904910087585,-0.7657437920570374,-0.1369737833738327,0.10961655527353287,0.6794824600219727,-1.7478010654449463
55.48234558105469,92.61882781982422,-72.28868865966797,31.480594635009766,119.20482635498047,71.60945892333984,328.82525634765625,544.0896606445312,257.2060241699219,0.6234816312789917,0.026089897379279137,-0.781402587890625,-0.37968942523002625,-0.8635697364807129,-0.3317877948284149,-0.6834519505500793,0.5035539269447327,-0.5285137891769409,-0.546998143196106,0.7524809837341309,2.3803741931915283
83.31185913085938,109.03211212158203,-141.73654174804688,81.08966827392578,56.5225715637207,123.20205688476562,8.278480529785156,650.7800903320312,525.4791870117188,-0.15746082365512848,-0.6350633502006531,-0.7562411427497864,0.10664397478103638,-0.7722510695457458,0.6263030171394348,-0.9817500710487366,0.017969584092497826,0.18932496011257172,2.54628324508667,1.3794550895690918,0.09463048726320267
-53.1129150390625,61.866756439208984,-36.81183624267578,-48.94504165649414,-103.56170654296875,-52.902565002441406,437.72894287109375,-483.1299133300781,509.1084289550781,-0.16165146231651306,-0.7668796181678772,0.6210995316505432,0.9104568362236023,0.12690609693527222,0.3936539888381958,-0.38070642948150635,0.6291189789772034,0.6776961088180542,1.7465150356292725,0.3905600905418396,0.7482430934906006
157.58480834960938,-49.11697769165039,-169.3177490234375,-71.45310974121094,-103.7449951171875,-83.80838775634766,417.1959533691406,-253.77191162109375,369.3573913574219,0.35913538932800293,-0.6164001822471619,-0.7007659673690796,-0.46392571926116943,0.5336130857467651,-0.7071280479431152,0.8098115921020508,0.5790579319000244,-0.09432452917098999,-0.9120346903800964,-0.9438309073448181,1.7322711944580078
140.9150848388672,-25.086210250854492,-41.80982971191406,-141.07781982421875,43.674781799316406,-134.043701171875,74.08010864257812,-14.337722778320312,1127.2523193359375,0.6548506617546082,-0.616736114025116,0.4368150532245636,0.5955523252487183,0.776945173740387,0.20414185523986816,-0.4652829170227051,0.12646377086639404,0.8760815858840942,0.7380102872848511,0.48395416140556335,0.14336130023002625
98.53518676757812,-0.6076794862747192,-150.4116973876953,139.45477294921875,14.113460540771484,-22.26779556274414,47.7060432434082,-405.44940185546875,907.64306640625,0.85968017578125,-0.5105323791503906,-0.017516065388917923,0.14285896718502045,0.2731970250606537,-0.951291024684906,0.4904502332210541,0.8153036832809448,0.3077961802482605,0.16467207670211792,-0.5126062631607056,1.209815263748169
-88.18714904785156,83.62098693847656,-101.37303161621094,-246.7310333251953,120.99600982666016,-169.0326690673828,84.17454528808594,-618.2770385742188,598.5768432617188,-0.5644512176513672,-0.30183765292167664,0.7683025598526001,0.7764014601707458,0.12197835743427277,0.6183220744132996,-0.28034916520118713,0.945523738861084,0.16549630463123322,2.19942045211792,0.2841578423976898,1.3975203037261963
-129.04051208496094,9.46594524383545,-143.87916564941406,-89.0270767211914,17.56696319580078,164.82310485839844,152.4124755859375,227.22885131835938,1021.80078125,-0.7356613278388977,-0.6520065665245056,0.1835477650165558,0.5604928135871887,-0.43381479382514954,0.7054449319839478,-0.3803290128707886,0.6218458414077759,0.6845857501029968,2.490525484085083,0.3901520371437073,0.7374111413955688
148.34616088867188,-82.63444519042969,30.39468765258789,-179.37522888183594,80.97254943847656,-73.31500244140625,189.02903747558594,-115.49906158447266,806.9429321289062,0.31725412607192993,-0.7436872124671936,0.5884550213813782,0.9290734529495239,0.11929161101579666,-0.350131630897522,0.1901906430721283,0.6577985286712646,0.7287856340408325,1.2417374849319458,-0.19135631620883942,0.7342471480369568
74.06368255615234,68.9164047241211,29.648839950561523,258.9979553222656,-58.374977111816406,46.191043853759766,15.434127807617188,303.6778564453125,131.13157653808594,-0.27742576599121094,0.4091143012046814,-0.8692873120307922,0.8277620673179626,0.5610793828964233,-0.00011148596240673214,0.4876936078071594,-0.7195940613746643,-0.49430716037750244,1.8941824436187744,-0.5094459056854248,-2.1726932525634766
81.34867095947266,-81.287109375,-21.000438690185547,-96.38162231445312,-88.01805114746094,17.80976104736328,-148.71755981445312,-435.9916687011719,790.8495483398438,-0.07963722199201584,-0.24324944615364075,-0.9666889905929565,-0.07985467463731766,-0.9650955200195312,0.24942702054977417,-0.9936202764511108,0.09705829620361328,0.05743292346596718,-2.3548312187194824,1.457777976989746,1.0364751815795898
-12.959576606750488,35.61376190185547,-26.6822509765625,-0.7188148498535156,105.33918762207031,-115.95088958740234,509.8175048828125,-118.33985900878906,595.8868408203125,-0.18850882351398468,0.8954493999481201,-0.40327998995780945,0.9674695730209351,0.2398754209280014,0.08039020746946335,0.16872230172157288,-0.375006765127182,-0.9115386009216309,1.7632324695587158,-0.16953322291374207,-2.75129771232605
-71.81083679199219,-16.287914276123047,9.083145141601562,82.13298034667969,-76.3301010131836,87.99907684326172,7.006263732910156,-274.1696472167969,833.9920043945312,-0.10951489210128784,0.5210840106010437,-0.8464502096176147,-0.13109587132930756,-0.8517053127288818,-0.5073577165603638,-0.985302209854126,0.05540288984775543,0.16158638894557953,-2.2667412757873535,1.3991340398788452,0.3303075432777405
92.32259368896484,81.00674438476562,-178.8393096923828,-155.44485473632812,102.80010986328125,136.5955352783203,25.63717269897461,187.8724365234375,767.90380859375,-0.6896481513977051,0.5756786465644836,0.43929430842399597,-0.06931011378765106,0.5513786673545837,-0.8313708901405334,-0.7208200693130493,-0.6038010120391846,-0.3403569459915161,-3.041428327560425,0.8049847483634949,-2.084089756011963
-100.10529327392578,29.573280334472656,-129.0755157470703,-45.20622253417969,-124.5543441772461,-78.56631469726562,41.19578552246094,-41.99755096435547,989.02783203125,0.4625051021575928,-0.592715322971344,0.6593768000602722,-0.885998010635376,-0.2811962962150574,0.36869552731513977,-0.0331171378493309,-0.7547299861907959,-0.6551992297172546,-1.0896915197372437,0.0331231951713562,-2.2857186794281006
-77.96849060058594,115.99566650390625,-41.248043060302734,-174.14109802246094,-18.833219528198242,-2.5429816246032715,94.87338256835938,-432.1773376464844,-163.6971435546875,-0.15652425587177277,0.9874807000160217,0.019548751413822174,0.985694408416748,0.1549273580312729,0.06636256724596024,0.06250318139791489,0.029656460508704185,-0.9976040720939636,1.7282774448394775,-0.06254395097494125,3.1118738651275635
46.70243835449219,25.125244140625,-86.33197021484375,-102.1717758178711,19.4998722076416,171.29953002929688,234.14828491210938,209.4773406982422,1114.3360595703125,0.32377156615257263,0.7991127371788025,0.5065479278564453,-0.93806391954422,0.34091004729270935,0.061776865273714066,-0.12332063168287277,-0.49517592787742615,0.8599957823753357,-1.2384499311447144,0.12363536655902863,-0.5224269032478333
18.015567779541016,108.4478530883789,-195.87644958496094,-160.32740783691406,94.83967590332031,25.010242462158203,225.93026733398438,44.552520751953125,637.4169311523438,-0.28024500608444214,-0.5435241460800171,-0.7912294864654541,0.3004204332828522,0.7331926822662354,-0.6100621819496155,0.9117072820663452,-0.4086684584617615,-0.042187850922346115,2.321463108062744,-1.147420883178711,-1.6736644506454468
-4.230253219604492,-13.330991744995117,-120.27825927734375,96.5680923461914,-34.90888595581055,-23.315505981445312,-398.0654296875,-17.302326202392578,1017.2371826171875,0.08125004172325134,0.8253425359725952,-0.5587559938430786,-0.8016030788421631,-0.2790440320968628,-0.5287410020828247,-0.5923099517822266,0.4908607602119446,0.638924777507782,-1.4697818756103516,0.6339227557182312,0.6550858616828918
94.12841796875,122.35299682617188,68.287353515625,-8.145771980285645,-94.07604217529297,-171.02749633789062,-6.788159370422363,-66.93534088134766,154.68374633789062,-0.09356695413589478,-0.9867069721221924,-0.13287073373794556,-0.9863721132278442,0.11001002788543701,-0.12234316766262054,0.13533395528793335,0.11961270123720169,-0.9835535287857056,-1.6653730869293213,-0.13575051724910736,3.0205740928649902
-1.8167201280593872,-82.05657958984375,-168.21746826171875,-143.1868896484375,127.91820526123047,-121.59771728515625,-360.86578369140625,-27.33544921875,132.84461975097656,-0.598774254322052,-0.15103821456432343,0.7865475416183472,-0.4702211022377014,-0.7286936044692993,-0.49789345264434814,0.648353099822998,-0.6679770350456238,0.36530154943466187,-2.4758758544921875,-0.7054191827774048,-1.0703537464141846
-132.55508422851562,115.2420883178711,-32.041168212890625,129.54638671875,-37.76930236816406,156.17970275878906,-282.654052734375,-250.603515625,-161.86416625976562,0.4552592635154724,-0.877750039100647,-0.1493123471736908,-0.7088789939880371,-0.45880135893821716,0.5357164740562439,-0.5387297868728638,-0.13804547488689423,-0.8310920000076294,-0.9999068379402161,0.568928599357605,-2.976994276046753
161.8742218017578,31.237089157104492,66.4468765258789,3.128950595855713,-15.667526245117188,102.75624084472656,-177.867431640625,59.49644088745117,263.6952209472656,0.5570170283317566,0.8207283020019531,-0.12703178822994232,0.8301659226417542,-0.5545852780342102,0.05709381774067879,-0.02359144203364849,-0.13725966215133667,-0.9902541637420654,0.9798199534416199,0.023593630641698837,-3.003859758377075
49.04420852661133,-52.8753662109375,-60.966392517089844,-261.11187744140625,97.67156219482422,15.280519485473633,-366.3622741699219,-299.6175537109375,899.3258056640625,-0.23595353960990906,0.5575528144836426,-0.7959024906158447,-0.01563451997935772,0.8167442083358765,0.576788067817688,0.971638560295105,0.1485387682914734,-0.18399664759635925,-3.0754284858703613,-1.332064151763916,2.4624221324920654
-154.29641723632812,120.37334442138672,69.84784698486328,128.14492797851562,-17.85590171813965,32.91094207763672,104.033447265625,72.02130126953125,272.2128601074219,-0.5025103092193604,0.4945361018180847,0.7091667652130127,0.08312135189771652,-0.7888182401657104,0.6089800596237183,0.860566258430481,0.364965558052063,0.3552827537059784,2.9776649475097656,-1.036380410194397,0.798841118812561
-166.52114868164062,-74.51441192626953,-110.6301498413086,-47.91490936279297,66.54669952392578,-118.53727722167969,687.2913818359375,222.14576721191406,466.53314208984375,-0.25215813517570496,0.926170289516449,0.2804012596607208,-0.5208139419555664,-0.3741081953048706,0.7673304080963135,0.8155789971351624,0.04745171591639519,0.5766967535018921,-2.021693229675293,-0.9537291526794434,0.08209697902202606
-130.52438354492188,63.90402603149414,39.768672943115234,205.0203094482422,62.89821243286133,174.084228515625,-236.33526611328125,-228.9610595703125,150.14193725585938,-0.4974583089351654,-0.47557491064071655,-0.7255092859268188,-0.4307260513305664,0.8613680005073547,-0.26929599046707153,0.7530009150505066,0.17853225767612457,-0.633337140083313,-2.427966594696045,-0.8526107668876648,2.866831064224243
7.511316299438477,82.00016021728516,-87.36209106445312,-79.241943359375,106.8137435913086,-24.945478439331055,674.21923828125,11.115760803222656,505.6213073730469,0.9230486154556274,0.3558860123157501,-0.1460360735654831,-0.058782126754522324,-0.244679257273674,-0.9678205847740173,-0.38016578555107117,0.9019297361373901,-0.2049310952425003,-0.06359671801328659,0.38997551798820496,1.7942171096801758
83.80015563964844,16.80031394958496,-169.7025146484375,-201.48692321777344,2.6318724155426025,74.76404571533203,-34.30546569824219,-303.0245361328125,890.8493041992188,-0.7687076330184937,-0.6292017698287964,-0.11486347764730453,0.3465552031993866,-0.25879791378974915,-0.9016224145889282,0.5375760197639465,-0.7328906655311584,0.4169931411743164,2.718050241470337,-0.5675598382949829,-1.0535051822662354
82.44463348388672,-21.11118507385254,-197.51312255859375,18.012470245361328,-80.71258544921875,-64.7568130493164,-19.420217514038086,-336.7369079589844,405.3131408691406,-0.7600492835044861,0.5390520691871643,0.36297112703323364,0.6498284935951233,0.6363728642463684,0.41563525795936584,-0.006935956422239542,0.5517721772193909,-0.8339660167694092,2.434213399887085,0.006936011835932732,2.55708909034729
22.59270668029785,-7.919251441955566,-76.0695571899414,-242.75216674804688,-82.4159927368164,123.08241271972656,13.829662322998047,-72.51493072509766,1106.0960693359375,0.5340099334716797,-0.35351479053497314,0.7680239081382751,0.7070813775062561,-0.3112986385822296,-0.6349244713783264,0.4635399580001831,0.8821113109588623,0.0837271437048912,0.9239556789398193,-0.4819861352443695,1.4761631488800049
4.039685249328613,108.0026626586914,31.471269607543945,-165.68821716308594,-26.104822158813477,9.280187606811523,14.003898620605469,9.930425643920898,9.65310287475586,-0.22795329988002777,0.13043534755706787,-0.9648959040641785,0.3601701855659485,0.9319897294044495,0.04089808836579323,0.9046075344085693,-0.33820387721061707,-0.25942903757095337,2.1350595951080322,-1.130458116531372,-2.2251386642456055
-136.8448486328125,-79.94129943847656,27.201370239257812,176.42535400390625,-30.344764709472656,74.3704833984375,63.73503112792969,63.2979736328125,796.3077392578125,0.5380094051361084,0.4763243794441223,-0.6954574584960938,-0.7932348251342773,0.006970752030611038,-0.60887610912323,-0.2851746678352356,0.8792421221733093,0.3815873861312866,-0.9748191833496094,0.2891886234283447,1.1613309383392334
6.097257614135742,75.69857788085938,-114.9000244140625,-14.020440101623535,102.16864776611328,113.99186706542969,618.9202880859375,46.58342742919922,668.7634887695312,-0.4056912064552307,-0.7905274629592896,0.4587820768356323,-0.9138827919960022,0.35921451449394226,-0.18916448950767517,-0.015261434018611908,-0.49601539969444275,-0.8681796789169312,-1.9885830879211426,0.015262027271091938,-2.6225223541259766
-64.61231994628906,107.21620178222656,-92.34588623046875,98.48516845703125,54.99274444580078,-35.393409729003906,374.0029296875,-633.14501953125,243.52919006347656,-0.16295719146728516,-0.08575046062469482,0.9828997850418091,-0.9347905516624451,-0.30525973439216614,-0.18161264061927795,0.3156130611896515,-0.9484004378318787,-0.03041442483663559,-1.7433868646621704,-0.32110267877578735,-1.602854609489441
111.2118911743164,9.357653617858887,59.385948181152344,235.8174285888672,104.06900787353516,147.0072479248047,-31.907791137695312,264.0714416503906,467.3272399902344,-0.44899916648864746,0.665550708770752,0.596189558506012,-0.1548428237438202,-0.7150888442993164,0.6816682815551758,0.8800133466720581,0.21375273168087006,0.42413008213043213,-2.809502363204956,-1.075890302658081,0.4668259024620056
-120.0041732788086,52.35851287841797,0.10092582553625107,15.529950141906738,7.597456455230713,-107.48487091064453,-280.3044738769531,-491.2246398925781,289.3138427734375,0.889495849609375,-0.4000222682952881,-0.2208603322505951,-0.45677870512008667,-0.7654432654380798,-0.4532656967639923,0.01226034015417099,0.5040622353553772,-0.8635802865028381,-0.4744092524051666,-0.012260647490620613,2.613253116607666
-115.33258819580078,84.03656768798828,-159.6064910888672,123.22636413574219,-109.96219635009766,-31.58924102783203,-241.75445556640625,-360.0010986328125,748.2201538085938,0.2934200167655945,0.35491952300071716,-0.8876580595970154,0.7220973968505859,-0.690774142742157,-0.03750475496053696,-0.626482367515564,-0.6299708485603333,-0.45897337794303894,1.1848329305648804,0.6770318746566772,-2.2004361152648926
-161.83615112304688,55.18757629394531,-120.91271209716797,-17.441953659057617,-55.52333450317383,5.67879581451416,-329.7293395996094,-129.50315856933594,1004.970947265625,0.8347994685173035,-0.12097863107919693,0.5370979905128479,0.19554144144058228,0.9771053194999695,-0.08383752405643463,-0.5146588087081909,0.17501240968704224,0.8393433094024658,0.23008936643600464,0.54060959815979,0.20556576550006866
53.59989929199219,-60.775360107421875,9.80323600769043,152.5583038330078,114.96306610107422,-42.94971466064453,-140.38180541992188,-132.67698669433594,883.7606811523438,0.3489551246166229,-0.36083951592445374,-0.8648845553398132,-0.30578577518463135,0.828543484210968,-0.4690530598163605,0.885847270488739,0.4281478524208069,0.17878492176532745,-0.7195599675178528,-1.0883169174194336,1.1752293109893799
126.86463165283203,-77.9839096069336,68.35470581054688,-155.407958984375,-32.79922103881836,-146.33876037597656,-57.630035400390625,46.042259216308594,543.7943115234375,0.41018733382225037,0.5507012009620667,-0.7269625663757324,0.7784092426300049,0.20393860340118408,0.5937070846557617,0.47521093487739563,-0.809405505657196,-0.34501785039901733,1.0858173370361328,-0.4952037036418915,-1.9737344980239868
113.94818878173828,14.194250106811523,59.848388671875,-191.9075164794922,101.8736572265625,-50.56339645385742,-134.2899169921875,261.5652160644531,450.294677734375,0.4845333397388458,-0.691887378692627,-0.5352750420570374,0.70439213514328,-0.054245319217443466,0.7077352404594421,-0.5187092423439026,-0.7199648022651672,0.4610762894153595,0.968254804611206,0.5453404784202576,-1.0011887550354004
-89.66117095947266,54.42394256591797,-191.84910583496094,13.75365161895752,-6.8626508712768555,-162.53814697265625,-2.7351832389831543,68.5948715209961,857.3369140625,0.5195232629776001,0.8538112640380859,-0.033195849508047104,-0.4871126115322113,0.3278675675392151,0.8094593286514282,0.7020092606544495,-0.40436282753944397,0.5862370133399963,-0.7532122731208801,-0.7782148718833923,-0.6038203835487366
-22.378040313720703,-28.343992233276367,-132.864990234375,232.35862731933594,25.557180404663086,-124.5032958984375,-555.2907104492188,198.33177185058594,783.8174438476562,-0.030332330614328384,0.05004192143678665,-0.9982864856719971,-0.9694015383720398,0.24193313717842102,0.041582267731428146,0.24359934031963348,0.9690017700195312,0.04117231443524361,-1.6020759344100952,-0.24607525765895844,1.5283324718475342
87.42475128173828,-13.151827812194824,-38.31032180786133,-64.83513641357422,36.02192306518555,65.49732971191406,50.951454162597656,161.42892456054688,1079.73828125,0.05611720308661461,0.824433445930481,0.5631698966026306,-0.606942892074585,-0.41970106959342957,0.6748861074447632,0.7927617430686951,-0.3796847462654114,0.4768316447734833,-1.4785996675491333,-0.915326714515686,-0.6724598407745361
-73.59835052490234,95.29855346679688,-33.104698181152344,56.84503936767578,-73.3184585571289,-88.573486328125,105.87602233886719,-592.5870971679688,75.12017059326172,0.7256190180778503,-0.33567291498184204,-0.600666880607605,-0.5501219034194946,0.2413651943206787,-0.7994426488876343,0.41333135962486267,0.9105308055877686,-0.009521914646029472,-0.6486913561820984,-0.42610955238342285,1.5812535285949707
-35.57180404663086,-92.0399169921875,-185.22259521484375,87.84832000732422,-47.715576171875,79.28800964355469,-242.2799530029297,98.74482727050781,-10.67306137084961,-0.8967507481575012,0.28509005904197693,-0.33846989274024963,0.4423486888408661,0.599713146686554,-0.666837215423584,0.012876163236796856,-0.7477084994316101,-0.6639024019241333,2.683336019515991,-0.012876519002020359,-2.2968950271606445
-144.5590057373047,73.93084716796875,-142.17172241210938,199.55784606933594,105.69837951660156,68.15279388427734,-300.5737609863281,-181.4942626953125,844.5094604492188,0.6863213181495667,0.43715330958366394,0.5812572836875916,-0.5436853170394897,-0.222463458776474,0.8092689514160156,0.4830830991268158,-0.8714396357536316,0.0849924087524414,-0.6699501872062683,-0.5041725635528564,-1.473572850227356
-35.94253158569336,-93.97274780273438,5.500556468963623,33.92148971557617,-108.60427856445312,25.46538734436035,-387.308837890625,227.23472595214844,702.4146118164062,0.2540839910507202,-0.1602429449558258,-0.953815221786499,-0.4263651669025421,-0.9037419557571411,0.03825237974524498,-0.8681325316429138,0.3969542384147644,-0.29794836044311523,-1.033374547958374,1.0514273643493652,2.214672565460205
-167.90707397460938,6.073503017425537,-34.42069625854492,163.43565368652344,-54.44246292114258,-96.46361541748047,-393.4715576171875,-64.8521957397461,917.1260986328125,-0.11377628147602081,0.3962874412536621,-0.9110496640205383,0.9305585622787476,0.36372628808021545,0.04200059920549393,0.3480169475078583,-0.8430062532424927,-0.41015198826789856,1.6924591064453125,-0.3554549515247345,-2.023613929748535
-57.42815017700195,-86.0892562866211,51.50485610961914,205.54293823242188,26.555404663085938,-153.14852905273438,-36.16697692871094,27.252517700195312,725.6492919921875,-0.9707311987876892,-0.21310678124427795,0.11075445264577866,0.12334959954023361,-0.8380692005157471,-0.5314366221427917,0.2060726433992386,-0.5022205710411072,0.8398264646530151,3.0152013301849365,-0.2075597494840622,-0.5389513969421387
-141.5666046142578,119.03936767578125,-166.2501220703125,-191.33888244628906,74.22225189208984,-71.44869232177734,-360.07342529296875,-305.5386962890625,584.2413330078125,-0.6929017901420593,-0.504313051700592,0.5153207182884216,0.6585111618041992,-0.7337191104888916,0.1673898845911026,0.2936837375164032,0.45532917976379395,0.8404910564422607,2.3816370964050293,-0.2980782389640808,0.49648088216781616
-30.071577072143555,-3.644493818283081,-10.982165336608887,-14.940580368041992,81.17330169677734,-1.4619081020355225,282.6565246582031,-187.8028106689453,805.0903930664062,0.8283852934837341,-0.519517719745636,0.2094736099243164,-0.4054661691188812,-0.8141312599182129,-0.4156773090362549,0.38649073243141174,0.2594064772129059,-0.8850610852241516,-0.4551846981048584,-0.39682358503341675,2.856483221054077
-71.24372863769531,-54.27443313598633,3.8535780906677246,-151.46568298339844,28.316030502319336,36.5055046081543,-41.134765625,63.35243606567383,978.1683349609375,0.9767031669616699,0.16478292644023895,-0.13746857643127441,-0.19959129393100739,0.9328742027282715,-0.29984837770462036,0.07883097976446152,0.3203003704547882,0.9440304040908813,-0.20157669484615326,-0.07891285419464111,0.3271022140979767
157.50418090820312,-78.93912506103516,-143.969482421875,87.2386474609375,-43.96613311767578,-133.7101593017578,588.4357299804688,-182.1437530517578,154.32301330566406,-0.3178548514842987,-0.6034170389175415,0.7313386797904968,-0.4437512159347534,0.7763228416442871,0.4476693570613861,-0.8378861546516418,-0.18223850429058075,-0.5145249962806702,-2.1923723220825195,0.9933989644050598,-2.801192045211792
134.42532348632812,71.8969497680664,-139.91091918945312,-218.58644104003906,89.02719116210938,25.186302185058594,-292.873291015625,225.75503540039062,874.3360595703125,-0.6479054093360901,-0.7595489025115967,0.05748191103339195,0.199496790766716,-0.2420334815979004,-0.9495372772216797,0.7351323962211609,-0.603742778301239,0.3083423674106598,2.8428945541381836,-0.8258619904518127,-1.0986111164093018
146.05673217773438,21.537660598754883,-137.662841796875,-197.87646484375,-21.342641830444336,66.24629974365234,64.76864624023438,-32.55107879638672,1102.3875732421875,-0.950867772102356,0.27373623847961426,0.14463448524475098,-0.2712062895298004,-0.9617976546287537,0.03731803596019745,0.14932435750961304,-0.003741225693374872,0.9887812733650208,-2.863750457763672,-0.1498849242925644,-0.003783655585721135
-168.53793334960938,-7.092325687408447,-90.96631622314453,92.34610748291016,-79.30989837646484,135.38572692871094,114.22247314453125,105.30772399902344,1103.591064453125,-0.5476741194725037,0.8102569580078125,-0.20865485072135925,-0.2750037610530853,0.061203379184007645,0.9594931602478027,0.7902063727378845,0.5828704237937927,0.1893041878938675,-2.6762423515319824,-0.9111456871032715,1.2567641735076904
-59.47003936767578,94.29987335205078,23.45810890197754,207.8352508544922,-62.70444107055664,122.35167694091797,104.57738494873047,-110.34521484375,39.42431640625,0.7071323394775391,-0.6993409395217896,-0.10433663427829742,0.045972682535648346,-0.10177473723888397,0.9937446713447571,-0.7055851221084595,-0.7075057029724121,-0.03981762006878853,0.06492147594690323,0.7832485437393188,-1.6270159482955933
-91.62749481201172,-6.130894660949707,-152.0255584716797,-8.569308280944824,-110.44944763183594,164.4631805419922,22.250041961669922,380.0037841796875,757.5317993164062,-0.18688583374023438,0.972334623336792,0.14013957977294922,0.9823296070098877,0.1864340454339981,0.01646377705037594,-0.010118464007973671,0.14074009656906128,-0.9899948835372925,1.758797287940979,0.010118636302649975,3.0003764629364014
-165.58114624023438,16.70009422302246,26.285730361938477,-198.4419403076172,25.246475219726562,11.18971061706543,-445.5196228027344,-125.96992492675781,499.4454650878906,0.27587538957595825,0.39916756749153137,-0.8743901252746582,0.1706663966178894,-0.9155797362327576,-0.36412474513053894,-0.9459207057952881,-0.04877597093582153,-0.3207103908061981,0.554009735584259,1.2404208183288574,-2.990662097930908
87.56243133544922,64.16976165771484,22.75363540649414,158.37318420410156,21.54358673095703,-54.01289367675781,6.258626937866211,407.9566955566406,128.69818115234375,0.9443427324295044,-0.30684182047843933,-0.1185954213142395,-0.23835349082946777,-0.8866907358169556,0.3961908221244812,-0.22672536969184875,-0.34587231278419495,-0.910476803779602,-0.24723759293556213,0.22871416807174683,-2.778550148010254
-133.474365234375,-61.5028190612793,35.226043701171875,-126.08966064453125,102.4479751586914,-69.80891418457031,-13.801258087158203,79.48900604248047,793.6085205078125,-0.8704215884208679,-0.4152507781982422,-0.26444900035858154,-0.027145227417349815,-0.49586355686187744,0.867976188659668,-0.49155834317207336,0.7626835107803345,0.4203382730484009,-3.1104166507720947,0.5138782262802124,1.0670855045318604
-150.5325927734375,-31.8505916595459,-96.14434814453125,-214.0127410888672,-18.26206398010254,107.25944519042969,397.7914733886719,241.27040100097656,1021.6339721679688,0.31049346923828125,0.9185900688171387,0.2445123791694641,-0.9147972464561462,0.21884557604789734,0.3394888937473297,0.25834062695503235,-0.3290882706642151,0.9082736968994141,-1.2435847520828247,-0.26130411028862,-0.34761035442352295
-29.301239013671875,16.027524948120117,69.66869354248047,-153.7274627685547,11.417811393737793,175.59226989746094,158.16639709472656,-97.00287628173828,309.57867431640625,0.6007547378540039,-0.7799028158187866,0.17562828958034515,-0.7541853189468384,-0.6257681250572205,-0.19904501736164093,0.26513832807540894,-0.012879031710326672,-0.9641243815422058,-0.8981558084487915,-0.2683473825454712,-3.128235340118408
-1.4536925554275513,38.98353576660156,-52.38926696777344,-207.754638671875,56.19523620605469,148.3465118408203,582.8993530273438,16.94831085205078,862.6296997070312,-0.7109516263008118,-0.5914643406867981,0.38041794300079346,0.7032155394554138,-0.6025252342224121,0.3774271309375763,0.00597672164440155,0.5358482599258423,0.8442932367324829,2.3616650104522705,-0.005976757500320673,0.5655233860015869
145.0359649658203,37.867156982421875,-104.82195281982422,94.77556610107422,115.60044860839844,172.12890625,-283.21612548828125,108.12185668945312,984.6387329101562,0.3946975767612457,0.8613700866699219,-0.3197743594646454,0.23056252300739288,-0.42974668741226196,-0.8730170726776123,-0.8894126415252686,0.27084970474243164,-0.3682195842266083,0.5286834239959717,1.0960586071014404,2.5073938369750977
-73.79525756835938,119.88633728027344,-2.8219454288482666,200.7920379638672,-86.45494079589844,171.4488067626953,58.79485321044922,-98.20651245117188,-76.67430114746094,0.014643643982708454,-0.9948305487632751,0.10048796236515045,0.36995020508766174,0.09875747561454773,0.9237877726554871,-0.9289361238479614,0.023647956550121307,0.36948391795158386,1.5312342643737793,1.1915290355682373,0.06391549110412598
86.1960220336914,-60.86841583251953,-54.167381286621094,-209.77195739746094,58.392826080322266,34.26502990722656,-72.11294555664062,-561.881103515625,883.0186157226562,-0.2533905804157257,-0.8392415046691895,-0.48111021518707275,0.313583105802536,0.39922499656677246,-0.8615596890449524,0.9151278734207153,-0.3691791296005249,0.16201208531856537,2.2504260540008545,-1.1558247804641724,-1.1572582721710205
26.617626190185547,99.09886932373047,7.826882362365723,-220.4737091064453,68.15616607666016,14.927639961242676,272.97784423828125,192.06353759765625,-50.31676483154297,-0.5935993790626526,-0.7690321803092957,0.23712727427482605,-0.33932390809059143,0.506358802318573,0.7927547693252563,-0.7297253608703613,0.39011576771736145,-0.5615252256393433,-2.622288703918457,0.8179202079772949,2.5344035625457764
-105.81458282470703,-18.41286849975586,-62.51759719848633,193.77671813964844,99.29474639892578,-143.24322509765625,29.53130340576172,174.97286987304688,1083.7247314453125,-0.5677627325057983,-0.8222790360450745,0.03876584768295288,0.01510302908718586,0.0366789847612381,0.9992130398750305,-0.8230538368225098,0.5679013133049011,-0.008406039327383041,3.1149981021881104,0.966766893863678,1.585597276687622
-19.667484283447266,98.22936248779297,-37.361793518066406,191.78741455078125,25.287630081176758,-99.70708465576172,581.4276733398438,-215.4077606201172,14.781501770019531,-0.4111146330833435,-0.5471997857093811,0.7290796637535095,-0.9108103513717651,0.21363472938537598,-0.35324883460998535,0.037540920078754425,-0.8092790842056274,-0.5862236022949219,-1.994791030883789,-0.03754974156618118,-2.1976964473724365
0.9698740243911743,21.06138801574707,41.401039123535156,-77.8937759399414,-68.90270233154297,89.5888671875,351.8548583984375,80.76948547363281,415.14776611328125,0.8677339553833008,0.3765433430671692,0.3244270384311676,-0.1925337314605713,-0.34711953997612,0.9178446531295776,0.4582231938838959,-0.8589082360267639,-0.22871015965938568,-0.2183438092470169,-0.47599515318870544,-1.8310377597808838
-27.342483520507812,13.822404861450195,63.67835235595703,94.30851745605469,44.680728912353516,156.19979858398438,219.5532684326172,-48.79877853393555,349.38775634765625,-0.11838363856077194,0.8552226424217224,0.5045589804649353,0.8256679177284241,-0.19748608767986298,0.5284616947174072,0.5515958070755005,0.4791593551635742,-0.6827507615089417,1.713205099105835,-0.5842761397361755,2.5296549797058105
73.54023742675781,124.37150573730469,-29.008188247680664,47.20404815673828,-56.10112762451172,-96.91340637207031,144.13534545898438,311.5888671875,-201.73960876464844,-0.5040701031684875,0.46405214071273804,0.7284017205238342,0.8480846285820007,0.4254182279109955,0.31586673855781555,-0.16329674422740936,0.7769652009010315,-0.6079961061477661,2.107060670852661,0.16403132677078247,2.2347917556762695
10.710803985595703,-86.12176513671875,-154.56224060058594,112.51937866210938,46.54292297363281,-169.7964630126953,-493.8178405761719,-37.44501495361328,35.82057571411133,0.602408766746521,0.7680282592773438,-0.2173389494419098,0.68129962682724,-0.3528994619846344,0.6413212418556213,0.41585400700569153,-0.5344104766845703,-0.7358470559120178,0.8467764854431152,-0.4288816452026367,-2.5134642124176025
-114.52383422851562,45.188720703125,-89.93338012695312,48.04158020019531,-96.53755950927734,130.49484252929688,-230.7162322998047,-359.74957275390625,954.8012084960938,-0.8535793423652649,0.27170640230178833,-0.4444974958896637,-0.5135423541069031,-0.2953436076641083,0.8056342005729675,0.0876164510846138,0.9159409403800964,0.39163196086883545,-2.599972724914551,-0.08772893995046616,1.166748046875
